input	filtered	denoised	merged	tabled	nonchim
GSF856-Dugas-100-1191-USA	118463	53854	52304	52026	52026	27669
GSF856-Dugas-101-QH2O	135687	29101	28980	28948	28948	28331
GSF856-Dugas-10-3050-Ghana	110188	51819	48688	48393	48393	25363
GSF856-Dugas-11-3061-Ghana	123699	58406	56378	56085	56085	31655
GSF856-Dugas-12-3093-Ghana	129788	60486	58575	58122	58122	35665
GSF856-Dugas-1-3038-Ghana	116591	53017	51314	50952	50952	22802
GSF856-Dugas-13-1361-USA	105376	49470	46680	46342	46342	24923
GSF856-Dugas-14-1347-USA	113341	54000	51416	51034	51034	28268
GSF856-Dugas-15-1344-USA	98318	45457	41789	41461	41461	20543
GSF856-Dugas-16-1339-USA	104554	47876	44452	43957	43957	18852
GSF856-Dugas-17-1335-USA	65778	21459	20102	19842	19842	9440
GSF856-Dugas-18-1327-USA	116095	53982	51073	50761	50761	23159
GSF856-Dugas-19-1302-USA	102239	47843	46775	46453	46453	31223
GSF856-Dugas-20-1431-USA	90803	42446	41455	41310	41310	28802
GSF856-Dugas-21-1430-USA	108398	50594	49184	48936	48936	27769
GSF856-Dugas-22-1420-USA	105515	48249	45569	45159	45159	25359
GSF856-Dugas-2-3045-Ghana	116838	53109	49873	49510	49510	26541
GSF856-Dugas-23-1393-USA	106549	50016	47999	47635	47635	27006
GSF856-Dugas-24-1368-USA	133184	62099	59726	59389	59389	29961
GSF856-Dugas-25-1380-USA	95922	45258	42266	41846	41846	22131
GSF856-Dugas-26-3020-Ghana	109498	50569	47083	46486	46486	26435
GSF856-Dugas-27-3039-Ghana	115249	52272	49932	49584	49584	29984
GSF856-Dugas-28-3055-Ghana	90803	41142	35977	35355	35355	19643
GSF856-Dugas-29-3082-Ghana	121544	55622	50528	49996	49996	26293
GSF856-Dugas-30-3094-Ghana	133000	62671	60394	60172	60172	37546
GSF856-Dugas-31-3098-Ghana	121720	57645	52807	52243	52243	28921
GSF856-Dugas-3-1501-Ghana	99301	47232	45720	45446	45446	26945
GSF856-Dugas-32-3108-Ghana	122047	58109	56040	55578	55578	29494
GSF856-Dugas-33-3112-Ghana	108159	49611	47230	46890	46890	24225
GSF856-Dugas-34-3115-Ghana	131800	60238	55413	54933	54933	29627
GSF856-Dugas-35-3148-Ghana	118655	54150	48674	48062	48062	25779
GSF856-Dugas-36-3149-Ghana	110589	52052	47264	46623	46623	25682
GSF856-Dugas-37-3150-Ghana	148697	65249	61724	61274	61274	31338
GSF856-Dugas-38-3166-Ghana	103223	48115	45362	45015	45015	26654
GSF856-Dugas-39-3168-Ghana	113305	55588	51324	50840	50840	28277
GSF856-Dugas-40-3169-Ghana	113559	53060	48415	47813	47813	27297
GSF856-Dugas-41-3183-Ghana	115850	54736	50526	49977	49977	28512
GSF856-Dugas-42-3199-Ghana	112759	53213	46913	46484	46484	25558
GSF856-Dugas-4-3002-Ghana	124726	58725	54287	53738	53738	29200
GSF856-Dugas-43-3205-Ghana	106858	48770	43990	43329	43329	22614
GSF856-Dugas-44-3211-Ghana	97671	45632	42332	41932	41932	25025
GSF856-Dugas-45-3225-Ghana	120432	56258	51541	51120	51120	27689
GSF856-Dugas-46-3235-Ghana	98343	46959	46220	45964	45964	33419
GSF856-Dugas-47-3257-Ghana	99935	43005	40156	39775	39775	21813
GSF856-Dugas-48-3281-Ghana	126609	59249	55775	55275	55275	32536
GSF856-Dugas-50-3316-Ghana	106182	52714	49691	49236	49236	26858
GSF856-Dugas-51-3119-Ghana	107312	50428	46947	46582	46582	24742
GSF856-Dugas-5-1398-USA	509	221	100	82	82	48
GSF856-Dugas-52-3136-Ghana	120152	55991	52205	51711	51711	28304
GSF856-Dugas-53-3176-Ghana	121754	56985	53415	52958	52958	27545
GSF856-Dugas-54-3214-Ghana	136200	63939	60635	60136	60136	33401
GSF856-Dugas-55-3295-Ghana	117250	55094	49915	49187	49187	26414
GSF856-Dugas-56-3320-Ghana	126446	59017	54456	53955	53955	29863
GSF856-Dugas-57-3324-Ghana	113704	52239	47953	47342	47342	24692
GSF856-Dugas-58-3331-Ghana	95150	43743	41747	41430	41430	25912
GSF856-Dugas-59-3361-Ghana	126195	60248	55822	55361	55361	28496
GSF856-Dugas-60-3471-Ghana	106081	52764	50725	50351	50351	39729
GSF856-Dugas-61-1027-USA	99752	46845	45107	44702	44702	24666
GSF856-Dugas-6-1399-USA	119819	56555	52675	52016	52016	28662
GSF856-Dugas-62-1025-USA	120743	58469	55923	55590	55590	30301
GSF856-Dugas-63-1061-USA	94944	43507	41450	41241	41241	19732
GSF856-Dugas-64-1090-USA	107467	52446	49722	49386	49386	25019
GSF856-Dugas-65-1072-USA	100192	47758	45667	45380	45380	23060
GSF856-Dugas-66-3338-Ghana	119122	55978	53102	52697	52697	23551
GSF856-Dugas-67-3349-Ghana	114928	52593	48891	48294	48294	26765
GSF856-Dugas-68-3351-Ghana	116077	53678	48500	47875	47875	25733
GSF856-Dugas-69-3358-Ghana	123308	57623	53088	52384	52384	28696
GSF856-Dugas-70-3362-Ghana	125676	58467	52996	52381	52381	28014
GSF856-Dugas-71-3372-Ghana	243534	109476	102872	102299	102299	52822
GSF856-Dugas-7-1436-USA	111043	50266	48334	48072	48072	28335
GSF856-Dugas-72-3439-Ghana	109988	48911	46257	45803	45803	23244
GSF856-Dugas-73-3444-Ghana	94818	43885	40110	39692	39692	20574
GSF856-Dugas-74-3458-Ghana	114231	51759	48694	48309	48309	27070
GSF856-Dugas-75-1299-USA	94966	44250	41370	40974	40974	19603
GSF856-Dugas-76-1051-USA	116653	35851	35589	35556	35556	34445
GSF856-Dugas-77-1060-USA	104218	48163	46030	45811	45811	27197
GSF856-Dugas-78-1089-USA	118159	53950	51127	50613	50613	29701
GSF856-Dugas-79-1093-USA	95326	45084	43542	43251	43251	24495
GSF856-Dugas-80-1094-USA	131754	58302	56116	55784	55784	32515
GSF856-Dugas-81-1096-USA	109086	49799	47387	46997	46997	25226
GSF856-Dugas-8-1443-USA	119038	55541	53651	53434	53434	32746
GSF856-Dugas-82-1110-USA	105554	50461	48112	47760	47760	26985
GSF856-Dugas-83-1112-USA	94041	44514	41296	41047	41047	21935
GSF856-Dugas-84-1126-USA	770	338	99	75	75	38
GSF856-Dugas-85-1128-USA	97354	42685	41110	40745	40745	25037
GSF856-Dugas-86-1132-USA	91663	41402	39727	39433	39433	25694
GSF856-Dugas-87-1154-USA	112767	51512	48717	48444	48444	26727
GSF856-Dugas-88-1155-USA	86459	41332	39681	39454	39454	22120
GSF856-Dugas-89-1161-USA	90190	43437	41673	41291	41291	15907
GSF856-Dugas-90-1212-USA	93976	43698	41407	41075	41075	20672
GSF856-Dugas-91-1214-USA	82481	39144	36529	36165	36165	16308
GSF856-Dugas-9-1448-USA	110059	49540	48577	48376	48376	35236
GSF856-Dugas-92-1221-USA	79894	36336	34760	34526	34526	20264
GSF856-Dugas-94-1254-USA	61794	29145	28044	27927	27927	14173
GSF856-Dugas-95-1268-USA	130477	60595	58254	57816	57816	32108
GSF856-Dugas-96-1249-USA	125857	58763	55007	54685	54685	28369
GSF856-Dugas-96-1272-USA	92800	44315	41672	41212	41212	20766
GSF856-Dugas-97-1274-USA	95611	45192	43483	43300	43300	24611
GSF856-Dugas-98-1276-USA	118549	57662	55312	55005	55005	28168
GSF856-Dugas-99-1297-USA	91000	41833	39696	39508	39508	18811
